{
  "angle": 1.2217304706573486,
  "angle_x": 1.2217304706573486,
  "angle_y": 0.8734815120697021,
  "clip_start": 0.05000000074505806,
  "clip_end": 10.0,
  "lens": 25.7066650390625,
  "lens_unit": "MILLIMETERS",
  "sensor_height": 24.0,
  "sensor_width": 36.0,
  "sensor_fit": "AUTO",
  "shift_x": 0.0,
  "shift_y": 0.0,
  "type": "PERSP",
  "frames": [
    {
      "file_path": "frames/frame_000001.png",
      "transform_matrix": [
        [
          1.0,
          0.0,
          0.0,
          1.399999976158142
        ],
        [
          0.0,
          0.42261823269277193,
          -0.9063078005819205,
          0.15000000596046448
        ],
        [
          0.0,
          0.9063078005819205,
          0.42261823269277193,
          0.15000000596046448
        ],
        [
          0.0,
          0.0,
          0.0,
          1.0
        ]
      ]
    },
    {
      "file_path": "frames/frame_000002.png",
      "transform_matrix": [
        [
          1.0,
          0.0,
          0.0,
          1.399999976158142
        ],
        [
          0.0,
          0.42261823269277193,
          -0.9063078005819205,
          0.15800000727176666
        ],
        [
          0.0,
          0.9063078005819205,
          0.42261823269277193,
          0.15000000596046448
        ],
        [
          0.0,
          0.0,
          0.0,
          1.0
        ]
      ]
    },
    {
      "file_path": "frames/frame_000003.png",
      "transform_matrix": [
        [
          1.0,
          0.0,
          0.0,
          1.399999976158142
        ],
        [
          0.0,
          0.42261823269277193,
          -0.9063078005819205,
          0.16599999368190765
        ],
        [
          0.0,
          0.9063078005819205,
          0.42261823269277193,
          0.15000000596046448
        ],
        [
          0.0,
          0.0,
          0.0,
          1.0
        ]
      ]
    },
    {
      "file_path": "frames/frame_000004.png",
      "transform_matrix": [
        [
          1.0,
          0.0,
          0.0,
          1.399999976158142
        ],
        [
          0.0,
          0.42261823269277193,
          -0.9063078005819205,
          0.17399999499320984
        ],
        [
          0.0,
          0.9063078005819205,
          0.42261823269277193,
          0.15000000596046448
        ],
        [
          0.0,
          0.0,
          0.0,
          1.0
        ]
      ]
    },
    {
      "file_path": "frames/frame_000005.png",
      "transform_matrix": [
        [
          1.0,
          0.0,
          0.0,
          1.399999976158142
        ],
        [
          0.0,
          0.42261823269277193,
          -0.9063078005819205,
          0.18199999630451202
        ],
        [
          0.0,
          0.9063078005819205,
          0.42261823269277193,
          0.15000000596046448
        ],
        [
          0.0,
          0.0,
          0.0,
          1.0
        ]
      ]
    },
    {
      "file_path": "frames/frame_000006.png",
      "transform_matrix": [
        [
          1.0,
          0.0,
          0.0,
          1.399999976158142
        ],
        [
          0.0,
          0.42261823269277193,
          -0.9063078005819205,
          0.1899999976158142
        ],
        [
          0.0,
          0.9063078005819205,
          0.42261823269277193,
          0.15000000596046448
        ],
        [
          0.0,
          0.0,
          0.0,
          1.0
        ]
      ]
    },
    {
      "file_path": "frames/frame_000007.png",
      "transform_matrix": [
        [
          1.0,
          0.0,
          0.0,
          1.399999976158142
        ],
        [
          0.0,
          0.42261823269277193,
          -0.9063078005819205,
          0.1979999989271164
        ],
        [
          0.0,
          0.9063078005819205,
          0.42261823269277193,
          0.15000000596046448
        ],
        [
          0.0,
          0.0,
          0.0,
          1.0
        ]
      ]
    },
    {
      "file_path": "frames/frame_000008.png",
      "transform_matrix": [
        [
          1.0,
          0.0,
          0.0,
          1.399999976158142
        ],
        [
          0.0,
          0.42261823269277193,
          -0.9063078005819205,
          0.20600000023841858
        ],
        [
          0.0,
          0.9063078005819205,
          0.42261823269277193,
          0.15000000596046448
        ],
        [
          0.0,
          0.0,
          0.0,
          1.0
        ]
      ]
    },
    {
      "file_path": "frames/frame_000009.png",
      "transform_matrix": [
        [
          1.0,
          0.0,
          0.0,
          1.399999976158142
        ],
        [
          0.0,
          0.42261823269277193,
          -0.9063078005819205,
          0.21400000154972076
        ],
        [
          0.0,
          0.9063078005819205,
          0.42261823269277193,
          0.15000000596046448
        ],
        [
          0.0,
          0.0,
          0.0,
          1.0
        ]
      ]
    },
    {
      "file_path": "frames/frame_000010.png",
      "transform_matrix": [
        [
          1.0,
          0.0,
          0.0,
          1.399999976158142
        ],
        [
          0.0,
          0.42261823269277193,
          -0.9063078005819205,
          0.22200000286102295
        ],
        [
          0.0,
          0.9063078005819205,
          0.42261823269277193,
          0.15000000596046448
        ],
        [
          0.0,
          0.0,
          0.0,
          1.0
        ]
      ]
    },
    {
      "file_path": "frames/frame_000011.png",
      "transform_matrix": [
        [
          1.0,
          0.0,
          0.0,
          1.399999976158142
        ],
        [
          0.0,
          0.42261823269277193,
          -0.9063078005819205,
          0.23000000417232513
        ],
        [
          0.0,
          0.9063078005819205,
          0.42261823269277193,
          0.15000000596046448
        ],
        [
          0.0,
          0.0,
          0.0,
          1.0
        ]
      ]
    },
    {
      "file_path": "frames/frame_000012.png",
      "transform_matrix": [
        [
          1.0,
          0.0,
          0.0,
          1.399999976158142
        ],
        [
          0.0,
          0.42261823269277193,
          -0.9063078005819205,
          0.23800000548362732
        ],
        [
          0.0,
          0.9063078005819205,
          0.42261823269277193,
          0.15000000596046448
        ],
        [
          0.0,
          0.0,
          0.0,
          1.0
        ]
      ]
    },
    {
      "file_path": "frames/frame_000013.png",
      "transform_matrix": [
        [
          1.0,
          0.0,
          0.0,
          1.399999976158142
        ],
        [
          0.0,
          0.42261823269277193,
          -0.9063078005819205,
          0.2460000067949295
        ],
        [
          0.0,
          0.9063078005819205,
          0.42261823269277193,
          0.15000000596046448
        ],
        [
          0.0,
          0.0,
          0.0,
          1.0
        ]
      ]
    },
    {
      "file_path": "frames/frame_000014.png",
      "transform_matrix": [
        [
          1.0,
          0.0,
          0.0,
          1.399999976158142
        ],
        [
          0.0,
          0.42261823269277193,
          -0.9063078005819205,
          0.2540000081062317
        ],
        [
          0.0,
          0.9063078005819205,
          0.42261823269277193,
          0.15000000596046448
        ],
        [
          0.0,
          0.0,
          0.0,
          1.0
        ]
      ]
    },
    {
      "file_path": "frames/frame_000015.png",
      "transform_matrix": [
        [
          1.0,
          0.0,
          0.0,
          1.399999976158142
        ],
        [
          0.0,
          0.42261823269277193,
          -0.9063078005819205,
          0.2619999945163727
        ],
        [
          0.0,
          0.9063078005819205,
          0.42261823269277193,
          0.15000000596046448
        ],
        [
          0.0,
          0.0,
          0.0,
          1.0
        ]
      ]
    },
    {
      "file_path": "frames/frame_000016.png",
      "transform_matrix": [
        [
          1.0,
          0.0,
          0.0,
          1.399999976158142
        ],
        [
          0.0,
          0.42261823269277193,
          -0.9063078005819205,
          0.27000001072883606
        ],
        [
          0.0,
          0.9063078005819205,
          0.42261823269277193,
          0.15000000596046448
        ],
        [
          0.0,
          0.0,
          0.0,
          1.0
        ]
      ]
    },
    {
      "file_path": "frames/frame_000017.png",
      "transform_matrix": [
        [
          1.0,
          0.0,
          0.0,
          1.399999976158142
        ],
        [
          0.0,
          0.42261823269277193,
          -0.9063078005819205,
          0.27799999713897705
        ],
        [
          0.0,
          0.9063078005819205,
          0.42261823269277193,
          0.15000000596046448
        ],
        [
          0.0,
          0.0,
          0.0,
          1.0
        ]
      ]
    },
    {
      "file_path": "frames/frame_000018.png",
      "transform_matrix": [
        [
          1.0,
          0.0,
          0.0,
          1.399999976158142
        ],
        [
          0.0,
          0.42261823269277193,
          -0.9063078005819205,
          0.28600001335144043
        ],
        [
          0.0,
          0.9063078005819205,
          0.42261823269277193,
          0.15000000596046448
        ],
        [
          0.0,
          0.0,
          0.0,
          1.0
        ]
      ]
    },
    {
      "file_path": "frames/frame_000019.png",
      "transform_matrix": [
        [
          1.0,
          0.0,
          0.0,
          1.399999976158142
        ],
        [
          0.0,
          0.42261823269277193,
          -0.9063078005819205,
          0.2939999997615814
        ],
        [
          0.0,
          0.9063078005819205,
          0.42261823269277193,
          0.15000000596046448
        ],
        [
          0.0,
          0.0,
          0.0,
          1.0
        ]
      ]
    },
    {
      "file_path": "frames/frame_000020.png",
      "transform_matrix": [
        [
          1.0,
          0.0,
          0.0,
          1.399999976158142
        ],
        [
          0.0,
          0.42261823269277193,
          -0.9063078005819205,
          0.3019999861717224
        ],
        [
          0.0,
          0.9063078005819205,
          0.42261823269277193,
          0.15000000596046448
        ],
        [
          0.0,
          0.0,
          0.0,
          1.0
        ]
      ]
    },
    {
      "file_path": "frames/frame_000021.png",
      "transform_matrix": [
        [
          1.0,
          0.0,
          0.0,
          1.399999976158142
        ],
        [
          0.0,
          0.42261823269277193,
          -0.9063078005819205,
          0.3100000023841858
        ],
        [
          0.0,
          0.9063078005819205,
          0.42261823269277193,
          0.15000000596046448
        ],
        [
          0.0,
          0.0,
          0.0,
          1.0
        ]
      ]
    },
    {
      "file_path": "frames/frame_000022.png",
      "transform_matrix": [
        [
          1.0,
          0.0,
          0.0,
          1.399999976158142
        ],
        [
          0.0,
          0.42261823269277193,
          -0.9063078005819205,
          0.3179999887943268
        ],
        [
          0.0,
          0.9063078005819205,
          0.42261823269277193,
          0.15000000596046448
        ],
        [
          0.0,
          0.0,
          0.0,
          1.0
        ]
      ]
    },
    {
      "file_path": "frames/frame_000023.png",
      "transform_matrix": [
        [
          1.0,
          0.0,
          0.0,
          1.399999976158142
        ],
        [
          0.0,
          0.42261823269277193,
          -0.9063078005819205,
          0.32600000500679016
        ],
        [
          0.0,
          0.9063078005819205,
          0.42261823269277193,
          0.15000000596046448
        ],
        [
          0.0,
          0.0,
          0.0,
          1.0
        ]
      ]
    },
    {
      "file_path": "frames/frame_000024.png",
      "transform_matrix": [
        [
          1.0,
          0.0,
          0.0,
          1.399999976158142
        ],
        [
          0.0,
          0.42261823269277193,
          -0.9063078005819205,
          0.33399999141693115
        ],
        [
          0.0,
          0.9063078005819205,
          0.42261823269277193,
          0.15000000596046448
        ],
        [
          0.0,
          0.0,
          0.0,
          1.0
        ]
      ]
    },
    {
      "file_path": "frames/frame_000025.png",
      "transform_matrix": [
        [
          1.0,
          0.0,
          0.0,
          1.399999976158142
        ],
        [
          0.0,
          0.42261823269277193,
          -0.9063078005819205,
          0.34200000762939453
        ],
        [
          0.0,
          0.9063078005819205,
          0.42261823269277193,
          0.15000000596046448
        ],
        [
          0.0,
          0.0,
          0.0,
          1.0
        ]
      ]
    },
    {
      "file_path": "frames/frame_000026.png",
      "transform_matrix": [
        [
          1.0,
          0.0,
          0.0,
          1.399999976158142
        ],
        [
          0.0,
          0.42261823269277193,
          -0.9063078005819205,
          0.3499999940395355
        ],
        [
          0.0,
          0.9063078005819205,
          0.42261823269277193,
          0.15000000596046448
        ],
        [
          0.0,
          0.0,
          0.0,
          1.0
        ]
      ]
    },
    {
      "file_path": "frames/frame_000027.png",
      "transform_matrix": [
        [
          1.0,
          0.0,
          0.0,
          1.399999976158142
        ],
        [
          0.0,
          0.42261823269277193,
          -0.9063078005819205,
          0.3580000102519989
        ],
        [
          0.0,
          0.9063078005819205,
          0.42261823269277193,
          0.15000000596046448
        ],
        [
          0.0,
          0.0,
          0.0,
          1.0
        ]
      ]
    },
    {
      "file_path": "frames/frame_000028.png",
      "transform_matrix": [
        [
          1.0,
          0.0,
          0.0,
          1.399999976158142
        ],
        [
          0.0,
          0.42261823269277193,
          -0.9063078005819205,
          0.3659999966621399
        ],
        [
          0.0,
          0.9063078005819205,
          0.42261823269277193,
          0.15000000596046448
        ],
        [
          0.0,
          0.0,
          0.0,
          1.0
        ]
      ]
    },
    {
      "file_path": "frames/frame_000029.png",
      "transform_matrix": [
        [
          1.0,
          0.0,
          0.0,
          1.399999976158142
        ],
        [
          0.0,
          0.42261823269277193,
          -0.9063078005819205,
          0.37400001287460327
        ],
        [
          0.0,
          0.9063078005819205,
          0.42261823269277193,
          0.15000000596046448
        ],
        [
          0.0,
          0.0,
          0.0,
          1.0
        ]
      ]
    },
    {
      "file_path": "frames/frame_000030.png",
      "transform_matrix": [
        [
          1.0,
          0.0,
          0.0,
          1.399999976158142
        ],
        [
          0.0,
          0.42261823269277193,
          -0.9063078005819205,
          0.38199999928474426
        ],
        [
          0.0,
          0.9063078005819205,
          0.42261823269277193,
          0.15000000596046448
        ],
        [
          0.0,
          0.0,
          0.0,
          1.0
        ]
      ]
    },
    {
      "file_path": "frames/frame_000031.png",
      "transform_matrix": [
        [
          1.0,
          0.0,
          0.0,
          1.399999976158142
        ],
        [
          0.0,
          0.42261823269277193,
          -0.9063078005819205,
          0.38999998569488525
        ],
        [
          0.0,
          0.9063078005819205,
          0.42261823269277193,
          0.15000000596046448
        ],
        [
          0.0,
          0.0,
          0.0,
          1.0
        ]
      ]
    },
    {
      "file_path": "frames/frame_000032.png",
      "transform_matrix": [
        [
          1.0,
          0.0,
          0.0,
          1.399999976158142
        ],
        [
          0.0,
          0.42261823269277193,
          -0.9063078005819205,
          0.39800000190734863
        ],
        [
          0.0,
          0.9063078005819205,
          0.42261823269277193,
          0.15000000596046448
        ],
        [
          0.0,
          0.0,
          0.0,
          1.0
        ]
      ]
    },
    {
      "file_path": "frames/frame_000033.png",
      "transform_matrix": [
        [
          1.0,
          0.0,
          0.0,
          1.399999976158142
        ],
        [
          0.0,
          0.42261823269277193,
          -0.9063078005819205,
          0.4059999883174896
        ],
        [
          0.0,
          0.9063078005819205,
          0.42261823269277193,
          0.15000000596046448
        ],
        [
          0.0,
          0.0,
          0.0,
          1.0
        ]
      ]
    },
    {
      "file_path": "frames/frame_000034.png",
      "transform_matrix": [
        [
          1.0,
          0.0,
          0.0,
          1.399999976158142
        ],
        [
          0.0,
          0.42261823269277193,
          -0.9063078005819205,
          0.414000004529953
        ],
        [
          0.0,
          0.9063078005819205,
          0.42261823269277193,
          0.15000000596046448
        ],
        [
          0.0,
          0.0,
          0.0,
          1.0
        ]
      ]
    },
    {
      "file_path": "frames/frame_000035.png",
      "transform_matrix": [
        [
          1.0,
          0.0,
          0.0,
          1.399999976158142
        ],
        [
          0.0,
          0.42261823269277193,
          -0.9063078005819205,
          0.421999990940094
        ],
        [
          0.0,
          0.9063078005819205,
          0.42261823269277193,
          0.15000000596046448
        ],
        [
          0.0,
          0.0,
          0.0,
          1.0
        ]
      ]
    },
    {
      "file_path": "frames/frame_000036.png",
      "transform_matrix": [
        [
          1.0,
          0.0,
          0.0,
          1.399999976158142
        ],
        [
          0.0,
          0.42261823269277193,
          -0.9063078005819205,
          0.4300000071525574
        ],
        [
          0.0,
          0.9063078005819205,
          0.42261823269277193,
          0.15000000596046448
        ],
        [
          0.0,
          0.0,
          0.0,
          1.0
        ]
      ]
    },
    {
      "file_path": "frames/frame_000037.png",
      "transform_matrix": [
        [
          1.0,
          0.0,
          0.0,
          1.399999976158142
        ],
        [
          0.0,
          0.42261823269277193,
          -0.9063078005819205,
          0.43799999356269836
        ],
        [
          0.0,
          0.9063078005819205,
          0.42261823269277193,
          0.15000000596046448
        ],
        [
          0.0,
          0.0,
          0.0,
          1.0
        ]
      ]
    },
    {
      "file_path": "frames/frame_000038.png",
      "transform_matrix": [
        [
          1.0,
          0.0,
          0.0,
          1.399999976158142
        ],
        [
          0.0,
          0.42261823269277193,
          -0.9063078005819205,
          0.44600000977516174
        ],
        [
          0.0,
          0.9063078005819205,
          0.42261823269277193,
          0.15000000596046448
        ],
        [
          0.0,
          0.0,
          0.0,
          1.0
        ]
      ]
    },
    {
      "file_path": "frames/frame_000039.png",
      "transform_matrix": [
        [
          1.0,
          0.0,
          0.0,
          1.399999976158142
        ],
        [
          0.0,
          0.42261823269277193,
          -0.9063078005819205,
          0.45399999618530273
        ],
        [
          0.0,
          0.9063078005819205,
          0.42261823269277193,
          0.15000000596046448
        ],
        [
          0.0,
          0.0,
          0.0,
          1.0
        ]
      ]
    },
    {
      "file_path": "frames/frame_000040.png",
      "transform_matrix": [
        [
          1.0,
          0.0,
          0.0,
          1.399999976158142
        ],
        [
          0.0,
          0.42261823269277193,
          -0.9063078005819205,
          0.4620000123977661
        ],
        [
          0.0,
          0.9063078005819205,
          0.42261823269277193,
          0.15000000596046448
        ],
        [
          0.0,
          0.0,
          0.0,
          1.0
        ]
      ]
    },
    {
      "file_path": "frames/frame_000041.png",
      "transform_matrix": [
        [
          1.0,
          0.0,
          0.0,
          1.399999976158142
        ],
        [
          0.0,
          0.42261823269277193,
          -0.9063078005819205,
          0.4699999988079071
        ],
        [
          0.0,
          0.9063078005819205,
          0.42261823269277193,
          0.15000000596046448
        ],
        [
          0.0,
          0.0,
          0.0,
          1.0
        ]
      ]
    },
    {
      "file_path": "frames/frame_000042.png",
      "transform_matrix": [
        [
          1.0,
          0.0,
          0.0,
          1.399999976158142
        ],
        [
          0.0,
          0.42261823269277193,
          -0.9063078005819205,
          0.4779999852180481
        ],
        [
          0.0,
          0.9063078005819205,
          0.42261823269277193,
          0.15000000596046448
        ],
        [
          0.0,
          0.0,
          0.0,
          1.0
        ]
      ]
    },
    {
      "file_path": "frames/frame_000043.png",
      "transform_matrix": [
        [
          1.0,
          0.0,
          0.0,
          1.399999976158142
        ],
        [
          0.0,
          0.42261823269277193,
          -0.9063078005819205,
          0.4860000014305115
        ],
        [
          0.0,
          0.9063078005819205,
          0.42261823269277193,
          0.15000000596046448
        ],
        [
          0.0,
          0.0,
          0.0,
          1.0
        ]
      ]
    },
    {
      "file_path": "frames/frame_000044.png",
      "transform_matrix": [
        [
          1.0,
          0.0,
          0.0,
          1.399999976158142
        ],
        [
          0.0,
          0.42261823269277193,
          -0.9063078005819205,
          0.49399998784065247
        ],
        [
          0.0,
          0.9063078005819205,
          0.42261823269277193,
          0.15000000596046448
        ],
        [
          0.0,
          0.0,
          0.0,
          1.0
        ]
      ]
    },
    {
      "file_path": "frames/frame_000045.png",
      "transform_matrix": [
        [
          1.0,
          0.0,
          0.0,
          1.399999976158142
        ],
        [
          0.0,
          0.42261823269277193,
          -0.9063078005819205,
          0.5019999742507935
        ],
        [
          0.0,
          0.9063078005819205,
          0.42261823269277193,
          0.15000000596046448
        ],
        [
          0.0,
          0.0,
          0.0,
          1.0
        ]
      ]
    },
    {
      "file_path": "frames/frame_000046.png",
      "transform_matrix": [
        [
          1.0,
          0.0,
          0.0,
          1.399999976158142
        ],
        [
          0.0,
          0.42261823269277193,
          -0.9063078005819205,
          0.5099999904632568
        ],
        [
          0.0,
          0.9063078005819205,
          0.42261823269277193,
          0.15000000596046448
        ],
        [
          0.0,
          0.0,
          0.0,
          1.0
        ]
      ]
    },
    {
      "file_path": "frames/frame_000047.png",
      "transform_matrix": [
        [
          1.0,
          0.0,
          0.0,
          1.399999976158142
        ],
        [
          0.0,
          0.42261823269277193,
          -0.9063078005819205,
          0.5180000066757202
        ],
        [
          0.0,
          0.9063078005819205,
          0.42261823269277193,
          0.15000000596046448
        ],
        [
          0.0,
          0.0,
          0.0,
          1.0
        ]
      ]
    },
    {
      "file_path": "frames/frame_000048.png",
      "transform_matrix": [
        [
          1.0,
          0.0,
          0.0,
          1.399999976158142
        ],
        [
          0.0,
          0.42261823269277193,
          -0.9063078005819205,
          0.5260000228881836
        ],
        [
          0.0,
          0.9063078005819205,
          0.42261823269277193,
          0.15000000596046448
        ],
        [
          0.0,
          0.0,
          0.0,
          1.0
        ]
      ]
    },
    {
      "file_path": "frames/frame_000049.png",
      "transform_matrix": [
        [
          1.0,
          0.0,
          0.0,
          1.399999976158142
        ],
        [
          0.0,
          0.42261823269277193,
          -0.9063078005819205,
          0.5339999794960022
        ],
        [
          0.0,
          0.9063078005819205,
          0.42261823269277193,
          0.15000000596046448
        ],
        [
          0.0,
          0.0,
          0.0,
          1.0
        ]
      ]
    },
    {
      "file_path": "frames/frame_000050.png",
      "transform_matrix": [
        [
          1.0,
          0.0,
          0.0,
          1.399999976158142
        ],
        [
          0.0,
          0.42261823269277193,
          -0.9063078005819205,
          0.5419999957084656
        ],
        [
          0.0,
          0.9063078005819205,
          0.42261823269277193,
          0.15000000596046448
        ],
        [
          0.0,
          0.0,
          0.0,
          1.0
        ]
      ]
    },
    {
      "file_path": "frames/frame_000051.png",
      "transform_matrix": [
        [
          1.0,
          0.0,
          0.0,
          1.399999976158142
        ],
        [
          0.0,
          0.42261823269277193,
          -0.9063078005819205,
          0.550000011920929
        ],
        [
          0.0,
          0.9063078005819205,
          0.42261823269277193,
          0.15000000596046448
        ],
        [
          0.0,
          0.0,
          0.0,
          1.0
        ]
      ]
    },
    {
      "file_path": "frames/frame_000052.png",
      "transform_matrix": [
        [
          1.0,
          0.0,
          0.0,
          1.399999976158142
        ],
        [
          0.0,
          0.42261823269277193,
          -0.9063078005819205,
          0.5580000281333923
        ],
        [
          0.0,
          0.9063078005819205,
          0.42261823269277193,
          0.15000000596046448
        ],
        [
          0.0,
          0.0,
          0.0,
          1.0
        ]
      ]
    },
    {
      "file_path": "frames/frame_000053.png",
      "transform_matrix": [
        [
          1.0,
          0.0,
          0.0,
          1.399999976158142
        ],
        [
          0.0,
          0.42261823269277193,
          -0.9063078005819205,
          0.5659999847412109
        ],
        [
          0.0,
          0.9063078005819205,
          0.42261823269277193,
          0.15000000596046448
        ],
        [
          0.0,
          0.0,
          0.0,
          1.0
        ]
      ]
    },
    {
      "file_path": "frames/frame_000054.png",
      "transform_matrix": [
        [
          1.0,
          0.0,
          0.0,
          1.399999976158142
        ],
        [
          0.0,
          0.42261823269277193,
          -0.9063078005819205,
          0.5740000009536743
        ],
        [
          0.0,
          0.9063078005819205,
          0.42261823269277193,
          0.15000000596046448
        ],
        [
          0.0,
          0.0,
          0.0,
          1.0
        ]
      ]
    },
    {
      "file_path": "frames/frame_000055.png",
      "transform_matrix": [
        [
          1.0,
          0.0,
          0.0,
          1.399999976158142
        ],
        [
          0.0,
          0.42261823269277193,
          -0.9063078005819205,
          0.5820000171661377
        ],
        [
          0.0,
          0.9063078005819205,
          0.42261823269277193,
          0.15000000596046448
        ],
        [
          0.0,
          0.0,
          0.0,
          1.0
        ]
      ]
    },
    {
      "file_path": "frames/frame_000056.png",
      "transform_matrix": [
        [
          1.0,
          0.0,
          0.0,
          1.399999976158142
        ],
        [
          0.0,
          0.42261823269277193,
          -0.9063078005819205,
          0.5899999737739563
        ],
        [
          0.0,
          0.9063078005819205,
          0.42261823269277193,
          0.15000000596046448
        ],
        [
          0.0,
          0.0,
          0.0,
          1.0
        ]
      ]
    },
    {
      "file_path": "frames/frame_000057.png",
      "transform_matrix": [
        [
          1.0,
          0.0,
          0.0,
          1.399999976158142
        ],
        [
          0.0,
          0.42261823269277193,
          -0.9063078005819205,
          0.5979999899864197
        ],
        [
          0.0,
          0.9063078005819205,
          0.42261823269277193,
          0.15000000596046448
        ],
        [
          0.0,
          0.0,
          0.0,
          1.0
        ]
      ]
    },
    {
      "file_path": "frames/frame_000058.png",
      "transform_matrix": [
        [
          1.0,
          0.0,
          0.0,
          1.399999976158142
        ],
        [
          0.0,
          0.42261823269277193,
          -0.9063078005819205,
          0.6060000061988831
        ],
        [
          0.0,
          0.9063078005819205,
          0.42261823269277193,
          0.15000000596046448
        ],
        [
          0.0,
          0.0,
          0.0,
          1.0
        ]
      ]
    },
    {
      "file_path": "frames/frame_000059.png",
      "transform_matrix": [
        [
          1.0,
          0.0,
          0.0,
          1.399999976158142
        ],
        [
          0.0,
          0.42261823269277193,
          -0.9063078005819205,
          0.6140000224113464
        ],
        [
          0.0,
          0.9063078005819205,
          0.42261823269277193,
          0.15000000596046448
        ],
        [
          0.0,
          0.0,
          0.0,
          1.0
        ]
      ]
    },
    {
      "file_path": "frames/frame_000060.png",
      "transform_matrix": [
        [
          1.0,
          0.0,
          0.0,
          1.399999976158142
        ],
        [
          0.0,
          0.42261823269277193,
          -0.9063078005819205,
          0.621999979019165
        ],
        [
          0.0,
          0.9063078005819205,
          0.42261823269277193,
          0.15000000596046448
        ],
        [
          0.0,
          0.0,
          0.0,
          1.0
        ]
      ]
    },
    {
      "file_path": "frames/frame_000061.png",
      "transform_matrix": [
        [
          1.0,
          0.0,
          0.0,
          1.399999976158142
        ],
        [
          0.0,
          0.42261823269277193,
          -0.9063078005819205,
          0.6299999952316284
        ],
        [
          0.0,
          0.9063078005819205,
          0.42261823269277193,
          0.15000000596046448
        ],
        [
          0.0,
          0.0,
          0.0,
          1.0
        ]
      ]
    },
    {
      "file_path": "frames/frame_000062.png",
      "transform_matrix": [
        [
          1.0,
          0.0,
          0.0,
          1.399999976158142
        ],
        [
          0.0,
          0.42261823269277193,
          -0.9063078005819205,
          0.6380000114440918
        ],
        [
          0.0,
          0.9063078005819205,
          0.42261823269277193,
          0.15000000596046448
        ],
        [
          0.0,
          0.0,
          0.0,
          1.0
        ]
      ]
    },
    {
      "file_path": "frames/frame_000063.png",
      "transform_matrix": [
        [
          1.0,
          0.0,
          0.0,
          1.399999976158142
        ],
        [
          0.0,
          0.42261823269277193,
          -0.9063078005819205,
          0.6460000276565552
        ],
        [
          0.0,
          0.9063078005819205,
          0.42261823269277193,
          0.15000000596046448
        ],
        [
          0.0,
          0.0,
          0.0,
          1.0
        ]
      ]
    },
    {
      "file_path": "frames/frame_000064.png",
      "transform_matrix": [
        [
          1.0,
          0.0,
          0.0,
          1.399999976158142
        ],
        [
          0.0,
          0.42261823269277193,
          -0.9063078005819205,
          0.6539999842643738
        ],
        [
          0.0,
          0.9063078005819205,
          0.42261823269277193,
          0.15000000596046448
        ],
        [
          0.0,
          0.0,
          0.0,
          1.0
        ]
      ]
    },
    {
      "file_path": "frames/frame_000065.png",
      "transform_matrix": [
        [
          1.0,
          0.0,
          0.0,
          1.399999976158142
        ],
        [
          0.0,
          0.42261823269277193,
          -0.9063078005819205,
          0.6620000004768372
        ],
        [
          0.0,
          0.9063078005819205,
          0.42261823269277193,
          0.15000000596046448
        ],
        [
          0.0,
          0.0,
          0.0,
          1.0
        ]
      ]
    },
    {
      "file_path": "frames/frame_000066.png",
      "transform_matrix": [
        [
          1.0,
          0.0,
          0.0,
          1.399999976158142
        ],
        [
          0.0,
          0.42261823269277193,
          -0.9063078005819205,
          0.6700000166893005
        ],
        [
          0.0,
          0.9063078005819205,
          0.42261823269277193,
          0.15000000596046448
        ],
        [
          0.0,
          0.0,
          0.0,
          1.0
        ]
      ]
    },
    {
      "file_path": "frames/frame_000067.png",
      "transform_matrix": [
        [
          1.0,
          0.0,
          0.0,
          1.399999976158142
        ],
        [
          0.0,
          0.42261823269277193,
          -0.9063078005819205,
          0.6779999732971191
        ],
        [
          0.0,
          0.9063078005819205,
          0.42261823269277193,
          0.15000000596046448
        ],
        [
          0.0,
          0.0,
          0.0,
          1.0
        ]
      ]
    },
    {
      "file_path": "frames/frame_000068.png",
      "transform_matrix": [
        [
          1.0,
          0.0,
          0.0,
          1.399999976158142
        ],
        [
          0.0,
          0.42261823269277193,
          -0.9063078005819205,
          0.6859999895095825
        ],
        [
          0.0,
          0.9063078005819205,
          0.42261823269277193,
          0.15000000596046448
        ],
        [
          0.0,
          0.0,
          0.0,
          1.0
        ]
      ]
    },
    {
      "file_path": "frames/frame_000069.png",
      "transform_matrix": [
        [
          1.0,
          0.0,
          0.0,
          1.399999976158142
        ],
        [
          0.0,
          0.42261823269277193,
          -0.9063078005819205,
          0.6940000057220459
        ],
        [
          0.0,
          0.9063078005819205,
          0.42261823269277193,
          0.15000000596046448
        ],
        [
          0.0,
          0.0,
          0.0,
          1.0
        ]
      ]
    },
    {
      "file_path": "frames/frame_000070.png",
      "transform_matrix": [
        [
          1.0,
          0.0,
          0.0,
          1.399999976158142
        ],
        [
          0.0,
          0.42261823269277193,
          -0.9063078005819205,
          0.7020000219345093
        ],
        [
          0.0,
          0.9063078005819205,
          0.42261823269277193,
          0.15000000596046448
        ],
        [
          0.0,
          0.0,
          0.0,
          1.0
        ]
      ]
    },
    {
      "file_path": "frames/frame_000071.png",
      "transform_matrix": [
        [
          1.0,
          0.0,
          0.0,
          1.399999976158142
        ],
        [
          0.0,
          0.42261823269277193,
          -0.9063078005819205,
          0.7099999785423279
        ],
        [
          0.0,
          0.9063078005819205,
          0.42261823269277193,
          0.15000000596046448
        ],
        [
          0.0,
          0.0,
          0.0,
          1.0
        ]
      ]
    },
    {
      "file_path": "frames/frame_000072.png",
      "transform_matrix": [
        [
          1.0,
          0.0,
          0.0,
          1.399999976158142
        ],
        [
          0.0,
          0.42261823269277193,
          -0.9063078005819205,
          0.7179999947547913
        ],
        [
          0.0,
          0.9063078005819205,
          0.42261823269277193,
          0.15000000596046448
        ],
        [
          0.0,
          0.0,
          0.0,
          1.0
        ]
      ]
    },
    {
      "file_path": "frames/frame_000073.png",
      "transform_matrix": [
        [
          1.0,
          0.0,
          0.0,
          1.399999976158142
        ],
        [
          0.0,
          0.42261823269277193,
          -0.9063078005819205,
          0.7260000109672546
        ],
        [
          0.0,
          0.9063078005819205,
          0.42261823269277193,
          0.15000000596046448
        ],
        [
          0.0,
          0.0,
          0.0,
          1.0
        ]
      ]
    },
    {
      "file_path": "frames/frame_000074.png",
      "transform_matrix": [
        [
          1.0,
          0.0,
          0.0,
          1.399999976158142
        ],
        [
          0.0,
          0.42261823269277193,
          -0.9063078005819205,
          0.734000027179718
        ],
        [
          0.0,
          0.9063078005819205,
          0.42261823269277193,
          0.15000000596046448
        ],
        [
          0.0,
          0.0,
          0.0,
          1.0
        ]
      ]
    },
    {
      "file_path": "frames/frame_000075.png",
      "transform_matrix": [
        [
          1.0,
          0.0,
          0.0,
          1.399999976158142
        ],
        [
          0.0,
          0.42261823269277193,
          -0.9063078005819205,
          0.7419999837875366
        ],
        [
          0.0,
          0.9063078005819205,
          0.42261823269277193,
          0.15000000596046448
        ],
        [
          0.0,
          0.0,
          0.0,
          1.0
        ]
      ]
    },
    {
      "file_path": "frames/frame_000076.png",
      "transform_matrix": [
        [
          1.0,
          0.0,
          0.0,
          1.399999976158142
        ],
        [
          0.0,
          0.42261823269277193,
          -0.9063078005819205,
          0.75
        ],
        [
          0.0,
          0.9063078005819205,
          0.42261823269277193,
          0.15000000596046448
        ],
        [
          0.0,
          0.0,
          0.0,
