{
  "angle": 1.2217304706573486,
  "angle_x": 1.2217304706573486,
  "angle_y": 0.8734815120697021,
  "clip_start": 0.05000000074505806,
  "clip_end": 10.0,
  "lens": 25.7066650390625,
  "lens_unit": "MILLIMETERS",
  "sensor_height": 24.0,
  "sensor_width": 36.0,
  "sensor_fit": "AUTO",
  "shift_x": 0.0,
  "shift_y": 0.0,
  "type": "PERSP",
  "frames": [
    {
      "file_path": "frames/frame_000001.png",
      "transform_matrix": [
        [
          1.0,
          0.0,
          0.0,
          -0.10000000149011612
        ],
        [
          0.0,
          0.42261823269277193,
          -0.9063078005819205,
          -0.3499999940395355
        ],
        [
          0.0,
          0.9063078005819205,
          0.42261823269277193,
          0.15000000596046448
        ],
        [
          0.0,
          0.0,
          0.0,
          1.0
        ]
      ]
    },
    {
      "file_path": "frames/frame_000002.png",
      "transform_matrix": [
        [
          1.0,
          0.0,
          0.0,
          -0.10000000149011612
        ],
        [
          0.0,
          0.42261823269277193,
          -0.9063078005819205,
          -0.33799999952316284
        ],
        [
          0.0,
          0.9063078005819205,
          0.42261823269277193,
          0.15000000596046448
        ],
        [
          0.0,
          0.0,
          0.0,
          1.0
        ]
      ]
    },
    {
      "file_path": "frames/frame_000003.png",
      "transform_matrix": [
        [
          1.0,
          0.0,
          0.0,
          -0.10000000149011612
        ],
        [
          0.0,
          0.42261823269277193,
          -0.9063078005819205,
          -0.32600000500679016
        ],
        [
          0.0,
          0.9063078005819205,
          0.42261823269277193,
          0.15000000596046448
        ],
        [
          0.0,
          0.0,
          0.0,
          1.0
        ]
      ]
    },
    {
      "file_path": "frames/frame_000004.png",
      "transform_matrix": [
        [
          1.0,
          0.0,
          0.0,
          -0.10000000149011612
        ],
        [
          0.0,
          0.42261823269277193,
          -0.9063078005819205,
          -0.3140000104904175
        ],
        [
          0.0,
          0.9063078005819205,
          0.42261823269277193,
          0.15000000596046448
        ],
        [
          0.0,
          0.0,
          0.0,
          1.0
        ]
      ]
    },
    {
      "file_path": "frames/frame_000005.png",
      "transform_matrix": [
        [
          1.0,
          0.0,
          0.0,
          -0.10000000149011612
        ],
        [
          0.0,
          0.42261823269277193,
          -0.9063078005819205,
          -0.3019999861717224
        ],
        [
          0.0,
          0.9063078005819205,
          0.42261823269277193,
          0.15000000596046448
        ],
        [
          0.0,
          0.0,
          0.0,
          1.0
        ]
      ]
    },
    {
      "file_path": "frames/frame_000006.png",
      "transform_matrix": [
        [
          1.0,
          0.0,
          0.0,
          -0.10000000149011612
        ],
        [
          0.0,
          0.42261823269277193,
          -0.9063078005819205,
          -0.28999999165534973
        ],
        [
          0.0,
          0.9063078005819205,
          0.42261823269277193,
          0.15000000596046448
        ],
        [
          0.0,
          0.0,
          0.0,
          1.0
        ]
      ]
    },
    {
      "file_path": "frames/frame_000007.png",
      "transform_matrix": [
        [
          1.0,
          0.0,
          0.0,
          -0.10000000149011612
        ],
        [
          0.0,
          0.42261823269277193,
          -0.9063078005819205,
          -0.27799999713897705
        ],
        [
          0.0,
          0.9063078005819205,
          0.42261823269277193,
          0.15000000596046448
        ],
        [
          0.0,
          0.0,
          0.0,
          1.0
        ]
      ]
    },
    {
      "file_path": "frames/frame_000008.png",
      "transform_matrix": [
        [
          1.0,
          0.0,
          0.0,
          -0.10000000149011612
        ],
        [
          0.0,
          0.42261823269277193,
          -0.9063078005819205,
          -0.26600000262260437
        ],
        [
          0.0,
          0.9063078005819205,
          0.42261823269277193,
          0.15000000596046448
        ],
        [
          0.0,
          0.0,
          0.0,
          1.0
        ]
      ]
    },
    {
      "file_path": "frames/frame_000009.png",
      "transform_matrix": [
        [
          1.0,
          0.0,
          0.0,
          -0.10000000149011612
        ],
        [
          0.0,
          0.42261823269277193,
          -0.9063078005819205,
          -0.2540000081062317
        ],
        [
          0.0,
          0.9063078005819205,
          0.42261823269277193,
          0.15000000596046448
        ],
        [
          0.0,
          0.0,
          0.0,
          1.0
        ]
      ]
    },
    {
      "file_path": "frames/frame_000010.png",
      "transform_matrix": [
        [
          1.0,
          0.0,
          0.0,
          -0.10000000149011612
        ],
        [
          0.0,
          0.42261823269277193,
          -0.9063078005819205,
          -0.24199999868869781
        ],
        [
          0.0,
          0.9063078005819205,
          0.42261823269277193,
          0.15000000596046448
        ],
        [
          0.0,
          0.0,
          0.0,
          1.0
        ]
      ]
    },
    {
      "file_path": "frames/frame_000011.png",
      "transform_matrix": [
        [
          1.0,
          0.0,
          0.0,
          -0.10000000149011612
        ],
        [
          0.0,
          0.42261823269277193,
          -0.9063078005819205,
          -0.23000000417232513
        ],
        [
          0.0,
          0.9063078005819205,
          0.42261823269277193,
          0.15000000596046448
        ],
        [
          0.0,
          0.0,
          0.0,
          1.0
        ]
      ]
    },
    {
      "file_path": "frames/frame_000012.png",
      "transform_matrix": [
        [
          1.0,
          0.0,
          0.0,
          -0.10000000149011612
        ],
        [
          0.0,
          0.42261823269277193,
          -0.9063078005819205,
          -0.21799999475479126
        ],
        [
          0.0,
          0.9063078005819205,
          0.42261823269277193,
          0.15000000596046448
        ],
        [
          0.0,
          0.0,
          0.0,
          1.0
        ]
      ]
    },
    {
      "file_path": "frames/frame_000013.png",
      "transform_matrix": [
        [
          1.0,
          0.0,
          0.0,
          -0.10000000149011612
        ],
        [
          0.0,
          0.42261823269277193,
          -0.9063078005819205,
          -0.20600000023841858
        ],
        [
          0.0,
          0.9063078005819205,
          0.42261823269277193,
          0.15000000596046448
        ],
        [
          0.0,
          0.0,
          0.0,
          1.0
        ]
      ]
    },
    {
      "file_path": "frames/frame_000014.png",
      "transform_matrix": [
        [
          1.0,
          0.0,
          0.0,
          -0.10000000149011612
        ],
        [
          0.0,
          0.42261823269277193,
          -0.9063078005819205,
          -0.1940000057220459
        ],
        [
          0.0,
          0.9063078005819205,
          0.42261823269277193,
          0.15000000596046448
        ],
        [
          0.0,
          0.0,
          0.0,
          1.0
        ]
      ]
    },
    {
      "file_path": "frames/frame_000015.png",
      "transform_matrix": [
        [
          1.0,
          0.0,
          0.0,
          -0.10000000149011612
        ],
        [
          0.0,
          0.42261823269277193,
          -0.9063078005819205,
          -0.18199999630451202
        ],
        [
          0.0,
          0.9063078005819205,
          0.42261823269277193,
          0.15000000596046448
        ],
        [
          0.0,
          0.0,
          0.0,
          1.0
        ]
      ]
    },
    {
      "file_path": "frames/frame_000016.png",
      "transform_matrix": [
        [
          1.0,
          0.0,
          0.0,
          -0.10000000149011612
        ],
        [
          0.0,
          0.42261823269277193,
          -0.9063078005819205,
          -0.17000000178813934
        ],
        [
          0.0,
          0.9063078005819205,
          0.42261823269277193,
          0.15000000596046448
        ],
        [
          0.0,
          0.0,
          0.0,
          1.0
        ]
      ]
    },
    {
      "file_path": "frames/frame_000017.png",
      "transform_matrix": [
        [
          1.0,
          0.0,
          0.0,
          -0.10000000149011612
        ],
        [
          0.0,
          0.42261823269277193,
          -0.9063078005819205,
          -0.15800000727176666
        ],
        [
          0.0,
          0.9063078005819205,
          0.42261823269277193,
          0.15000000596046448
        ],
        [
          0.0,
          0.0,
          0.0,
          1.0
        ]
      ]
    },
    {
      "file_path": "frames/frame_000018.png",
      "transform_matrix": [
        [
          1.0,
          0.0,
          0.0,
          -0.10000000149011612
        ],
        [
          0.0,
          0.42261823269277193,
          -0.9063078005819205,
          -0.1459999978542328
        ],
        [
          0.0,
          0.9063078005819205,
          0.42261823269277193,
          0.15000000596046448
        ],
        [
          0.0,
          0.0,
          0.0,
          1.0
        ]
      ]
    },
    {
      "file_path": "frames/frame_000019.png",
      "transform_matrix": [
        [
          1.0,
          0.0,
          0.0,
          -0.10000000149011612
        ],
        [
          0.0,
          0.42261823269277193,
          -0.9063078005819205,
          -0.1340000033378601
        ],
        [
          0.0,
          0.9063078005819205,
          0.42261823269277193,
          0.15000000596046448
        ],
        [
          0.0,
          0.0,
          0.0,
          1.0
        ]
      ]
    },
    {
      "file_path": "frames/frame_000020.png",
      "transform_matrix": [
        [
          1.0,
          0.0,
          0.0,
          -0.10000000149011612
        ],
        [
          0.0,
          0.42261823269277193,
          -0.9063078005819205,
          -0.12200000137090683
        ],
        [
          0.0,
          0.9063078005819205,
          0.42261823269277193,
          0.15000000596046448
        ],
        [
          0.0,
          0.0,
          0.0,
          1.0
        ]
      ]
    },
    {
      "file_path": "frames/frame_000021.png",
      "transform_matrix": [
        [
          1.0,
          0.0,
          0.0,
          -0.10000000149011612
        ],
        [
          0.0,
          0.42261823269277193,
          -0.9063078005819205,
          -0.10999999940395355
        ],
        [
          0.0,
          0.9063078005819205,
          0.42261823269277193,
          0.15000000596046448
        ],
        [
          0.0,
          0.0,
          0.0,
          1.0
        ]
      ]
    },
    {
      "file_path": "frames/frame_000022.png",
      "transform_matrix": [
        [
          1.0,
          0.0,
          0.0,
          -0.10000000149011612
        ],
        [
          0.0,
          0.42261823269277193,
          -0.9063078005819205,
          -0.09799999743700027
        ],
        [
          0.0,
          0.9063078005819205,
          0.42261823269277193,
          0.15000000596046448
        ],
        [
          0.0,
          0.0,
          0.0,
          1.0
        ]
      ]
    },
    {
      "file_path": "frames/frame_000023.png",
      "transform_matrix": [
        [
          1.0,
          0.0,
          0.0,
          -0.10000000149011612
        ],
        [
          0.0,
          0.42261823269277193,
          -0.9063078005819205,
          -0.0860000029206276
        ],
        [
          0.0,
          0.9063078005819205,
          0.42261823269277193,
          0.15000000596046448
        ],
        [
          0.0,
          0.0,
          0.0,
          1.0
        ]
      ]
    },
    {
      "file_path": "frames/frame_000024.png",
      "transform_matrix": [
        [
          1.0,
          0.0,
          0.0,
          -0.10000000149011612
        ],
        [
          0.0,
          0.42261823269277193,
          -0.9063078005819205,
          -0.07400000095367432
        ],
        [
          0.0,
          0.9063078005819205,
          0.42261823269277193,
          0.15000000596046448
        ],
        [
          0.0,
          0.0,
          0.0,
          1.0
        ]
      ]
    },
    {
      "file_path": "frames/frame_000025.png",
      "transform_matrix": [
        [
          1.0,
          0.0,
          0.0,
          -0.10000000149011612
        ],
        [
          0.0,
          0.42261823269277193,
          -0.9063078005819205,
          -0.06199999898672104
        ],
        [
          0.0,
          0.9063078005819205,
          0.42261823269277193,
          0.15000000596046448
        ],
        [
          0.0,
          0.0,
          0.0,
          1.0
        ]
      ]
    },
    {
      "file_path": "frames/frame_000026.png",
      "transform_matrix": [
        [
          1.0,
          0.0,
          0.0,
          -0.10000000149011612
        ],
        [
          0.0,
          0.42261823269277193,
          -0.9063078005819205,
          -0.05000000074505806
        ],
        [
          0.0,
          0.9063078005819205,
          0.42261823269277193,
          0.15000000596046448
        ],
        [
          0.0,
          0.0,
          0.0,
          1.0
        ]
      ]
    },
    {
      "file_path": "frames/frame_000027.png",
      "transform_matrix": [
        [
          1.0,
          0.0,
          0.0,
          -0.10000000149011612
        ],
        [
          0.0,
          0.42261823269277193,
          -0.9063078005819205,
          -0.03799999877810478
        ],
        [
          0.0,
          0.9063078005819205,
          0.42261823269277193,
          0.15000000596046448
        ],
        [
          0.0,
          0.0,
          0.0,
          1.0
        ]
      ]
    },
    {
      "file_path": "frames/frame_000028.png",
      "transform_matrix": [
        [
          1.0,
          0.0,
          0.0,
          -0.10000000149011612
        ],
        [
          0.0,
          0.42261823269277193,
          -0.9063078005819205,
          -0.026000000536441803
        ],
        [
          0.0,
          0.9063078005819205,
          0.42261823269277193,
          0.15000000596046448
        ],
        [
          0.0,
          0.0,
          0.0,
          1.0
        ]
      ]
    },
    {
      "file_path": "frames/frame_000029.png",
      "transform_matrix": [
        [
          1.0,
          0.0,
          0.0,
          -0.10000000149011612
        ],
        [
          0.0,
          0.42261823269277193,
          -0.9063078005819205,
          -0.014000000432133675
        ],
        [
          0.0,
          0.9063078005819205,
          0.42261823269277193,
          0.15000000596046448
        ],
        [
          0.0,
          0.0,
          0.0,
          1.0
        ]
      ]
    },
    {
      "file_path": "frames/frame_000030.png",
      "transform_matrix": [
        [
          1.0,
          0.0,
          0.0,
          -0.10000000149011612
        ],
        [
          0.0,
          0.42261823269277193,
          -0.9063078005819205,
          -0.0020000000949949026
        ],
        [
          0.0,
          0.9063078005819205,
          0.42261823269277193,
          0.15000000596046448
        ],
        [
          0.0,
          0.0,
          0.0,
          1.0
        ]
      ]
    },
    {
      "file_path": "frames/frame_000031.png",
      "transform_matrix": [
        [
          1.0,
          0.0,
          0.0,
          -0.10000000149011612
        ],
        [
          0.0,
          0.42261823269277193,
          -0.9063078005819205,
          0.009999999776482582
        ],
        [
          0.0,
          0.9063078005819205,
          0.42261823269277193,
          0.15000000596046448
        ],
        [
          0.0,
          0.0,
          0.0,
          1.0
        ]
      ]
    },
    {
      "file_path": "frames/frame_000032.png",
      "transform_matrix": [
        [
          1.0,
          0.0,
          0.0,
          -0.10000000149011612
        ],
        [
          0.0,
          0.42261823269277193,
          -0.9063078005819205,
          0.02199999988079071
        ],
        [
          0.0,
          0.9063078005819205,
          0.42261823269277193,
          0.15000000596046448
        ],
        [
          0.0,
          0.0,
          0.0,
          1.0
        ]
      ]
    },
    {
      "file_path": "frames/frame_000033.png",
      "transform_matrix": [
        [
          1.0,
          0.0,
          0.0,
          -0.10000000149011612
        ],
        [
          0.0,
          0.42261823269277193,
          -0.9063078005819205,
          0.03400000184774399
        ],
        [
          0.0,
          0.9063078005819205,
          0.42261823269277193,
          0.15000000596046448
        ],
        [
          0.0,
          0.0,
          0.0,
          1.0
        ]
      ]
    },
    {
      "file_path": "frames/frame_000034.png",
      "transform_matrix": [
        [
          1.0,
          0.0,
          0.0,
          -0.10000000149011612
        ],
        [
          0.0,
          0.42261823269277193,
          -0.9063078005819205,
          0.04600000008940697
        ],
        [
          0.0,
          0.9063078005819205,
          0.42261823269277193,
          0.15000000596046448
        ],
        [
          0.0,
          0.0,
          0.0,
          1.0
        ]
      ]
    },
    {
      "file_path": "frames/frame_000035.png",
      "transform_matrix": [
        [
          1.0,
          0.0,
          0.0,
          -0.10000000149011612
        ],
        [
          0.0,
          0.42261823269277193,
          -0.9063078005819205,
          0.057999998331069946
        ],
        [
          0.0,
          0.9063078005819205,
          0.42261823269277193,
          0.15000000596046448
        ],
        [
          0.0,
          0.0,
          0.0,
          1.0
        ]
      ]
    },
    {
      "file_path": "frames/frame_000036.png",
      "transform_matrix": [
        [
          1.0,
          0.0,
          0.0,
          -0.10000000149011612
        ],
        [
          0.0,
          0.42261823269277193,
          -0.9063078005819205,
          0.07000000029802322
        ],
        [
          0.0,
          0.9063078005819205,
          0.42261823269277193,
          0.15000000596046448
        ],
        [
          0.0,
          0.0,
          0.0,
          1.0
        ]
      ]
    },
    {
      "file_path": "frames/frame_000037.png",
      "transform_matrix": [
        [
          1.0,
          0.0,
          0.0,
          -0.10000000149011612
        ],
        [
          0.0,
          0.42261823269277193,
          -0.9063078005819205,
          0.0820000022649765
        ],
        [
          0.0,
          0.9063078005819205,
          0.42261823269277193,
          0.15000000596046448
        ],
        [
          0.0,
          0.0,
          0.0,
          1.0
        ]
      ]
    },
    {
      "file_path": "frames/frame_000038.png",
      "transform_matrix": [
        [
          1.0,
          0.0,
          0.0,
          -0.10000000149011612
        ],
        [
          0.0,
          0.42261823269277193,
          -0.9063078005819205,
          0.09399999678134918
        ],
        [
          0.0,
          0.9063078005819205,
          0.42261823269277193,
          0.15000000596046448
        ],
        [
          0.0,
          0.0,
          0.0,
          1.0
        ]
      ]
    },
    {
      "file_path": "frames/frame_000039.png",
      "transform_matrix": [
        [
          1.0,
          0.0,
          0.0,
          -0.10000000149011612
        ],
        [
          0.0,
          0.42261823269277193,
          -0.9063078005819205,
          0.10599999874830246
        ],
        [
          0.0,
          0.9063078005819205,
          0.42261823269277193,
          0.15000000596046448
        ],
        [
          0.0,
          0.0,
          0.0,
          1.0
        ]
      ]
    },
    {
      "file_path": "frames/frame_000040.png",
      "transform_matrix": [
        [
          1.0,
          0.0,
          0.0,
          -0.10000000149011612
        ],
        [
          0.0,
          0.42261823269277193,
          -0.9063078005819205,
          0.11800000071525574
        ],
        [
          0.0,
          0.9063078005819205,
          0.42261823269277193,
          0.15000000596046448
        ],
        [
          0.0,
          0.0,
          0.0,
          1.0
        ]
      ]
    },
    {
      "file_path": "frames/frame_000041.png",
      "transform_matrix": [
        [
          1.0,
          0.0,
          0.0,
          -0.10000000149011612
        ],
        [
          0.0,
          0.42261823269277193,
          -0.9063078005819205,
          0.12999999523162842
        ],
        [
          0.0,
          0.9063078005819205,
          0.42261823269277193,
          0.15000000596046448
        ],
        [
          0.0,
          0.0,
          0.0,
          1.0
        ]
      ]
    },
    {
      "file_path": "frames/frame_000042.png",
      "transform_matrix": [
        [
          1.0,
          0.0,
          0.0,
          -0.10000000149011612
        ],
        [
          0.0,
          0.42261823269277193,
          -0.9063078005819205,
          0.1420000046491623
        ],
        [
          0.0,
          0.9063078005819205,
          0.42261823269277193,
          0.15000000596046448
        ],
        [
          0.0,
          0.0,
          0.0,
          1.0
        ]
      ]
    },
    {
      "file_path": "frames/frame_000043.png",
      "transform_matrix": [
        [
          1.0,
          0.0,
          0.0,
          -0.10000000149011612
        ],
        [
          0.0,
          0.42261823269277193,
          -0.9063078005819205,
          0.15399999916553497
        ],
        [
          0.0,
          0.9063078005819205,
          0.42261823269277193,
          0.15000000596046448
        ],
        [
          0.0,
          0.0,
          0.0,
          1.0
        ]
      ]
    },
    {
      "file_path": "frames/frame_000044.png",
      "transform_matrix": [
        [
          1.0,
          0.0,
          0.0,
          -0.10000000149011612
        ],
        [
          0.0,
          0.42261823269277193,
          -0.9063078005819205,
          0.16599999368190765
        ],
        [
          0.0,
          0.9063078005819205,
          0.42261823269277193,
          0.15000000596046448
        ],
        [
          0.0,
          0.0,
          0.0,
          1.0
        ]
      ]
    },
    {
      "file_path": "frames/frame_000045.png",
      "transform_matrix": [
        [
          1.0,
          0.0,
          0.0,
          -0.10000000149011612
        ],
        [
          0.0,
          0.42261823269277193,
          -0.9063078005819205,
          0.17800000309944153
        ],
        [
          0.0,
          0.9063078005819205,
          0.42261823269277193,
          0.15000000596046448
        ],
        [
          0.0,
          0.0,
          0.0,
          1.0
        ]
      ]
    },
    {
      "file_path": "frames/frame_000046.png",
      "transform_matrix": [
        [
          1.0,
          0.0,
          0.0,
          -0.10000000149011612
        ],
        [
          0.0,
          0.42261823269277193,
          -0.9063078005819205,
          0.1899999976158142
        ],
        [
          0.0,
          0.9063078005819205,
          0.42261823269277193,
          0.15000000596046448
        ],
        [
          0.0,
          0.0,
          0.0,
          1.0
        ]
      ]
    },
    {
      "file_path": "frames/frame_000047.png",
      "transform_matrix": [
        [
          1.0,
          0.0,
          0.0,
          -0.10000000149011612
        ],
        [
          0.0,
          0.42261823269277193,
          -0.9063078005819205,
          0.20200000703334808
        ],
        [
          0.0,
          0.9063078005819205,
          0.42261823269277193,
          0.15000000596046448
        ],
        [
          0.0,
          0.0,
          0.0,
          1.0
        ]
      ]
    },
    {
      "file_path": "frames/frame_000048.png",
      "transform_matrix": [
        [
          1.0,
          0.0,
          0.0,
          -0.10000000149011612
        ],
        [
          0.0,
          0.42261823269277193,
          -0.9063078005819205,
          0.21400000154972076
        ],
        [
          0.0,
          0.9063078005819205,
          0.42261823269277193,
          0.15000000596046448
        ],
        [
          0.0,
          0.0,
          0.0,
          1.0
        ]
      ]
    },
    {
      "file_path": "frames/frame_000049.png",
      "transform_matrix": [
        [
          1.0,
          0.0,
          0.0,
          -0.10000000149011612
        ],
        [
          0.0,
          0.42261823269277193,
          -0.9063078005819205,
          0.22599999606609344
        ],
        [
          0.0,
          0.9063078005819205,
          0.42261823269277193,
          0.15000000596046448
        ],
        [
          0.0,
          0.0,
          0.0,
          1.0
        ]
      ]
    },
    {
      "file_path": "frames/frame_000050.png",
      "transform_matrix": [
        [
          1.0,
          0.0,
          0.0,
          -0.10000000149011612
        ],
        [
          0.0,
          0.42261823269277193,
          -0.9063078005819205,
          0.23800000548362732
        ],
        [
          0.0,
          0.9063078005819205,
          0.42261823269277193,
          0.15000000596046448
        ],
        [
          0.0,
          0.0,
          0.0,
          1.0
        ]
      ]
    },
    {
      "file_path": "frames/frame_000051.png",
      "transform_matrix": [
        [
          1.0,
          0.0,
          0.0,
          -0.10000000149011612
        ],
        [
          0.0,
          0.42261823269277193,
          -0.9063078005819205,
          0.25
        ],
        [
          0.0,
          0.9063078005819205,
          0.42261823269277193,
          0.15000000596046448
        ],
        [
          0.0,
          0.0,
          0.0,
          1.0
        ]
      ]
    },
    {
      "file_path": "frames/frame_000052.png",
      "transform_matrix": [
        [
          1.0,
          0.0,
          0.0,
          -0.10000000149011612
        ],
        [
          0.0,
          0.42261823269277193,
          -0.9063078005819205,
          0.2619999945163727
        ],
        [
          0.0,
          0.9063078005819205,
          0.42261823269277193,
          0.15000000596046448
        ],
        [
          0.0,
          0.0,
          0.0,
          1.0
        ]
      ]
    },
    {
      "file_path": "frames/frame_000053.png",
      "transform_matrix": [
        [
          1.0,
          0.0,
          0.0,
          -0.10000000149011612
        ],
        [
          0.0,
          0.42261823269277193,
          -0.9063078005819205,
          0.27399998903274536
        ],
        [
          0.0,
          0.9063078005819205,
          0.42261823269277193,
          0.15000000596046448
        ],
        [
          0.0,
          0.0,
          0.0,
          1.0
        ]
      ]
    },
    {
      "file_path": "frames/frame_000054.png",
      "transform_matrix": [
        [
          1.0,
          0.0,
          0.0,
          -0.10000000149011612
        ],
        [
          0.0,
          0.42261823269277193,
          -0.9063078005819205,
          0.28600001335144043
        ],
        [
          0.0,
          0.9063078005819205,
          0.42261823269277193,
          0.15000000596046448
        ],
        [
          0.0,
          0.0,
          0.0,
          1.0
        ]
      ]
    },
    {
      "file_path": "frames/frame_000055.png",
      "transform_matrix": [
        [
          1.0,
          0.0,
          0.0,
          -0.10000000149011612
        ],
        [
          0.0,
          0.42261823269277193,
          -0.9063078005819205,
          0.2980000078678131
        ],
        [
          0.0,
          0.9063078005819205,
          0.42261823269277193,
          0.15000000596046448
        ],
        [
          0.0,
          0.0,
          0.0,
          1.0
        ]
      ]
    },
    {
      "file_path": "frames/frame_000056.png",
      "transform_matrix": [
        [
          1.0,
          0.0,
          0.0,
          -0.10000000149011612
        ],
        [
          0.0,
          0.42261823269277193,
          -0.9063078005819205,
          0.3100000023841858
        ],
        [
          0.0,
          0.9063078005819205,
          0.42261823269277193,
          0.15000000596046448
        ],
        [
          0.0,
          0.0,
          0.0,
          1.0
        ]
      ]
    },
    {
      "file_path": "frames/frame_000057.png",
      "transform_matrix": [
        [
          1.0,
          0.0,
          0.0,
          -0.10000000149011612
        ],
        [
          0.0,
          0.42261823269277193,
          -0.9063078005819205,
          0.32199999690055847
        ],
        [
          0.0,
          0.9063078005819205,
          0.42261823269277193,
          0.15000000596046448
        ],
        [
          0.0,
          0.0,
          0.0,
          1.0
        ]
      ]
    },
    {
      "file_path": "frames/frame_000058.png",
      "transform_matrix": [
        [
          1.0,
          0.0,
          0.0,
          -0.10000000149011612
        ],
        [
          0.0,
          0.42261823269277193,
          -0.9063078005819205,
          0.33399999141693115
        ],
        [
          0.0,
          0.9063078005819205,
          0.42261823269277193,
          0.15000000596046448
        ],
        [
          0.0,
          0.0,
          0.0,
          1.0
        ]
      ]
    },
    {
      "file_path": "frames/frame_000059.png",
      "transform_matrix": [
        [
          1.0,
          0.0,
          0.0,
          -0.10000000149011612
        ],
        [
          0.0,
          0.42261823269277193,
          -0.9063078005819205,
          0.34599998593330383
        ],
        [
          0.0,
          0.9063078005819205,
          0.42261823269277193,
          0.15000000596046448
        ],
        [
          0.0,
          0.0,
          0.0,
          1.0
        ]
      ]
    },
    {
      "file_path": "frames/frame_000060.png",
      "transform_matrix": [
        [
          1.0,
          0.0,
          0.0,
          -0.10000000149011612
        ],
        [
          0.0,
          0.42261823269277193,
          -0.9063078005819205,
          0.3580000102519989
        ],
        [
          0.0,
          0.9063078005819205,
          0.42261823269277193,
          0.15000000596046448
        ],
        [
          0.0,
          0.0,
          0.0,
          1.0
        ]
      ]
    },
    {
      "file_path": "frames/frame_000061.png",
      "transform_matrix": [
        [
          1.0,
          0.0,
          0.0,
          -0.10000000149011612
        ],
        [
          0.0,
          0.42261823269277193,
          -0.9063078005819205,
          0.3700000047683716
        ],
        [
          0.0,
          0.9063078005819205,
          0.42261823269277193,
          0.15000000596046448
        ],
        [
          0.0,
          0.0,
          0.0,
          1.0
        ]
      ]
    },
    {
      "file_path": "frames/frame_000062.png",
      "transform_matrix": [
        [
          1.0,
          0.0,
          0.0,
          -0.10000000149011612
        ],
        [
          0.0,
          0.42261823269277193,
          -0.9063078005819205,
          0.38199999928474426
        ],
        [
          0.0,
          0.9063078005819205,
          0.42261823269277193,
          0.15000000596046448
        ],
        [
          0.0,
          0.0,
          0.0,
          1.0
        ]
      ]
    },
    {
      "file_path": "frames/frame_000063.png",
      "transform_matrix": [
        [
          1.0,
          0.0,
          0.0,
          -0.10000000149011612
        ],
        [
          0.0,
          0.42261823269277193,
          -0.9063078005819205,
          0.39399999380111694
        ],
        [
          0.0,
          0.9063078005819205,
          0.42261823269277193,
          0.15000000596046448
        ],
        [
          0.0,
          0.0,
          0.0,
          1.0
        ]
      ]
    },
    {
      "file_path": "frames/frame_000064.png",
      "transform_matrix": [
        [
          1.0,
          0.0,
          0.0,
          -0.10000000149011612
        ],
        [
          0.0,
          0.42261823269277193,
          -0.9063078005819205,
          0.4059999883174896
        ],
        [
          0.0,
          0.9063078005819205,
          0.42261823269277193,
          0.15000000596046448
        ],
        [
          0.0,
          0.0,
          0.0,
          1.0
        ]
      ]
    },
    {
      "file_path": "frames/frame_000065.png",
      "transform_matrix": [
        [
          1.0,
          0.0,
          0.0,
          -0.10000000149011612
        ],
        [
          0.0,
          0.42261823269277193,
          -0.9063078005819205,
          0.4180000126361847
        ],
        [
          0.0,
          0.9063078005819205,
          0.42261823269277193,
          0.15000000596046448
        ],
        [
          0.0,
          0.0,
          0.0,
          1.0
        ]
      ]
    },
    {
      "file_path": "frames/frame_000066.png",
      "transform_matrix": [
        [
          1.0,
          0.0,
          0.0,
          -0.10000000149011612
        ],
        [
          0.0,
          0.42261823269277193,
          -0.9063078005819205,
          0.4300000071525574
        ],
        [
          0.0,
          0.9063078005819205,
          0.42261823269277193,
          0.15000000596046448
        ],
        [
          0.0,
          0.0,
          0.0,
          1.0
        ]
      ]
    },
    {
      "file_path": "frames/frame_000067.png",
      "transform_matrix": [
        [
          1.0,
          0.0,
          0.0,
          -0.10000000149011612
        ],
        [
          0.0,
          0.42261823269277193,
          -0.9063078005819205,
          0.44200000166893005
        ],
        [
          0.0,
          0.9063078005819205,
          0.42261823269277193,
          0.15000000596046448
        ],
        [
          0.0,
          0.0,
          0.0,
          1.0
        ]
      ]
    },
    {
      "file_path": "frames/frame_000068.png",
      "transform_matrix": [
        [
          1.0,
          0.0,
          0.0,
          -0.10000000149011612
        ],
        [
          0.0,
          0.42261823269277193,
          -0.9063078005819205,
          0.45399999618530273
        ],
        [
          0.0,
          0.9063078005819205,
          0.42261823269277193,
          0.15000000596046448
        ],
        [
          0.0,
          0.0,
          0.0,
          1.0
        ]
      ]
    },
    {
      "file_path": "frames/frame_000069.png",
      "transform_matrix": [
        [
          1.0,
          0.0,
          0.0,
          -0.10000000149011612
        ],
        [
          0.0,
          0.42261823269277193,
          -0.9063078005819205,
          0.4659999907016754
        ],
        [
          0.0,
          0.9063078005819205,
          0.42261823269277193,
          0.15000000596046448
        ],
        [
          0.0,
          0.0,
          0.0,
          1.0
        ]
      ]
    },
    {
      "file_path": "frames/frame_000070.png",
      "transform_matrix": [
        [
          1.0,
          0.0,
          0.0,
          -0.10000000149011612
        ],
        [
          0.0,
          0.42261823269277193,
          -0.9063078005819205,
          0.4779999852180481
        ],
        [
          0.0,
          0.9063078005819205,
          0.42261823269277193,
          0.15000000596046448
        ],
        [
          0.0,
          0.0,
          0.0,
          1.0
        ]
      ]
    },
    {
      "file_path": "frames/frame_000071.png",
      "transform_matrix": [
        [
          1.0,
          0.0,
          0.0,
          -0.10000000149011612
        ],
        [
          0.0,
          0.42261823269277193,
          -0.9063078005819205,
          0.49000000953674316
        ],
        [
          0.0,
          0.9063078005819205,
          0.42261823269277193,
          0.15000000596046448
        ],
        [
          0.0,
          0.0,
          0.0,
          1.0
        ]
      ]
    },
    {
      "file_path": "frames/frame_000072.png",
      "transform_matrix": [
        [
          1.0,
          0.0,
          0.0,
          -0.10000000149011612
        ],
        [
          0.0,
          0.42261823269277193,
          -0.9063078005819205,
          0.5019999742507935
        ],
        [
          0.0,
          0.9063078005819205,
          0.42261823269277193,
          0.15000000596046448
        ],
        [
          0.0,
          0.0,
          0.0,
          1.0
        ]
      ]
    },
    {
      "file_path": "frames/frame_000073.png",
      "transform_matrix": [
        [
          1.0,
          0.0,
          0.0,
          -0.10000000149011612
        ],
        [
          0.0,
          0.42261823269277193,
          -0.9063078005819205,
          0.5139999985694885
        ],
        [
          0.0,
          0.9063078005819205,
          0.42261823269277193,
          0.15000000596046448
        ],
        [
          0.0,
          0.0,
          0.0,
          1.0
        ]
      ]
    },
    {
      "file_path": "frames/frame_000074.png",
      "transform_matrix": [
        [
          1.0,
          0.0,
          0.0,
          -0.10000000149011612
        ],
        [
          0.0,
          0.42261823269277193,
          -0.9063078005819205,
          0.5260000228881836
        ],
        [
          0.0,
          0.9063078005819205,
          0.42261823269277193,
          0.15000000596046448
        ],
        [
          0.0,
          0.0,
          0.0,
          1.0
        ]
      ]
    },
    {
      "file_path": "frames/frame_000075.png",
      "transform_matrix": [
        [
          1.0,
          0.0,
          0.0,
          -0.10000000149011612
        ],
        [
          0.0,
          0.42261823269277193,
          -0.9063078005819205,
          0.5379999876022339
        ],
        [
          0.0,
          0.9063078005819205,
          0.42261823269277193,
          0.15000000596046448
        ],
        [
          0.0,
          0.0,
          0.0,
          1.0
        ]
      ]
    },
    {
      "file_path": "frames/frame_000076.png",
      "transform_matrix": [
        [
          1.0,
          0.0,
          0.0,
          -0.10000000149011612
        ],
        [
